  0.0000000e+000
  2.1666156e-001
  4.3332312e-001
  6.4998469e-001
  8.6664625e-001
  1.0833078e+000
  1.2999694e+000
  1.5166309e+000
  1.7332925e+000
  1.9499541e+000
  2.1666156e+000
  2.3832772e+000
  2.5999387e+000
  2.8166003e+000
  3.0332619e+000
  3.2499234e+000
  3.4665850e+000
  3.6832466e+000
  3.8999081e+000
  4.1165697e+000
  4.3332312e+000
  4.5498928e+000
  4.7665544e+000
  4.9832159e+000
  5.1998775e+000
  5.4165391e+000
  5.6332006e+000
  5.8498622e+000
  6.0665237e+000
  6.2831853e+000
