1100 607 4 
1100 837 4 
1037 1471 4 
1037 732 4 
1037 907 4 
1037 1527 4 
735 1285 12 
735 
12 
2272 3297 4818 10220 3453 17 
1151 3297 4818 10220 3453 17 
1285 3297 4818 10220 3453 17 
1285 6888 2244 17 
2244 6888 3453 17 
1285 5963 4819 3453 6283 2281 9583 9166 17 
1285 5963 4819 3453 17 
2244 5963 4819 17 
1285 5963 2244 17 
1022 
5385 
1151 5969 3453 17 
1151 6884 3453 17 
1151 5969 11113 17 
1151 4818 10220 3453 5573 10220 1022 5385 17 
2272 3297 8644 17 
10220 
3153 
6938 
1229 
10904 
2244 
