1.0135164
-1.5271504
1.1422605
-1.0333873
-1.2916049
1.2512962
-2.1595752
-1.5144314
1.0153449
0.95926853
1.2198958
1.1846215
0.89648561
1.001655
-1.2198462
1.0245364
-0.96806641
-1.6446009
1.1651354
1.2132749
1.35905
0.91505764
-1.0470816
0.74798243
-1.0166718
1.2454806
-1.1868771
1.1562426
1.1161548
1.0062063
-1.1387222
0.95173923
-1.0260821
1.1490145
0.90390075
1.176159
1.1006015
-1.3898059
-1.6191151
0.84936266
1.1196458
0.92129275
-1.0250303
-1.3220421
1.277983
1.0257076
0.95279137
1.0079256
-1.361237
0.81365294
1.0619129
1.1166885
-1.3877878
0.66805123
1.2692289
1.3115309
-0.75926692
-1.4269181
1.1235611
1.1808179
1.0627817
1.0783507
-1.144051
-1.6040593
-0.99314649
1.2614465
-0.95844977
-2.3284164
-1.5810484
1.2282259
-0.57466248
-1.6163917
1.2863586
1.1387138
1.2685236
1.1859279
1.3043606
-1.0741284
1.111492
1.0612656
0.95876395
0.75231496
-1.0333827
-0.75587092
1.0588128
1.2328937
-0.98366676
1.0544263
0.99493637
1.0795689
-1.4659715
1.2282823
1.258665
0.99463032
-1.0338761
1.0881995
1.0817345
-2.2862067
-1.240951
-0.43001778
1.2519215
-1.0020655
0.90415431
1.2443943
0.9807661
-0.97887534
1.0297022
-0.78863811
-0.98752309
0.94406012
0.93697398
0.81805462
-1.0324489
1.1918995
1.1937171
-0.73235032
-1.1391484
-1.1722492
-0.76981872
-0.8692119
-0.69612041
-1.0652096
1.1040726
-0.74731307
-1.5085779
-0.94209769
-1.0034677
-1.5312692
0.95158226
0.99887391
-1.0565295
1.1986936
-0.95083889
-1.158645
1.1566864
1.2609509
-1.3816366
-0.6489256
1.2145982
1.1535547
1.1928298
1.1485627
1.0821906
0.95105841
1.1930728
-1.6952498
-0.76955673
-0.66877636
1.0622909
-0.63199642
-0.80528991
-0.896623
1.0714093
1.0926543
-1.5152152
1.1277997
0.94743376
-0.91063355
1.1071833
1.0832705
-0.97442581
1.07648
1.2431429
1.0746721
1.3088185
1.0975885
1.0984067
-1.191481
1.2526233
-0.89086714
0.88215358
1.142664
-0.77308795
0.99902359
1.1747977
1.2475293
1.030096
1.0763141
1.1600634
-1.0521315
1.0509691
1.1610127
-1.268488
-1.0526367
-1.7535214
-0.98343741
1.1374982
-1.3725119
-0.74959571
0.67095092
-1.2039352
1.0153323
1.046901
1.0216549
1.0177214
-1.0071766
1.0211799
1.1078586
0.73081276
0.89127205
0.89739439
1.1545394
-1.3614769
1.2707052
1.2688513
-1.0818728
1.1463918
0.94327765
-1.1370214
1.0333563
-1.6696176
-1.1783178
1.0971181
1.1361214
-0.95213547
1.2624837
1.1272173
1.1082214
1.2663177
1.1626261
-1.0395958
1.2167719
0.98552548
0.9982785
-0.99889895
1.1685239
-1.3963819
0.97757653
1.0103179
-1.361739
-1.2983645
0.90373122
-1.129553
1.166124
1.0500456
0.97651498
1.2101499
-1.344072
-1.6123616
-1.1640982
1.0926925
1.2514173
-1.1311016
0.94398635
-0.76499286
1.2356039
-1.2618243
-1.0827755
1.3229965
-1.83263
1.139631
1.2445882
1.1882057
-1.0612467
-0.83567333
-1.3636324
-1.1856812
0.87756066
1.2661367
1.22765
-0.8722542
1.0277727
1.0142312
-1.2795624
-1.034698
-1.2146452
1.0203657
-0.96012696
-1.3128758
1.0887855
-1.1496976
1.2494362
1.0592415
1.1595519
1.1182854
1.132937
-1.4888818
1.202889
1.1379026
1.2093029
1.1397533
1.0884666
0.75751197
-1.4912902
-1.8006777
0.83472092
1.1814221
-0.96104882
0.79828366
-0.80801697
-1.2927495
-0.85026094
-1.5388518
1.1443438
1.1826516
1.2691667
-1.3462151
-1.2367723
1.1400198
-0.90304312
-1.7385413
-0.6138899
1.1114811
1.0327339
-1.0467615
-1.0895566
1.2500328
-1.2902928
-1.3576572
0.56076048
1.0498616
-1.3915187
-1.2712372
-1.4594695
1.1137105
1.0789803
-1.2847018
-1.4347218
-0.88197271
1.0260176
-1.2659971
-1.2936177
1.2168692
-1.8374762
-0.91824757
-0.9406059
-0.99749021
1.1036418
1.1444784
-1.2216189
1.2407199
1.1961372
-1.2332908
0.99441178
1.1344912
1.282205
1.2441684
1.0039392
1.1237897
-1.0348409
-0.88719758
1.0212836
0.96016314
-1.218365
-1.1409128
-0.99112246
1.1016079
-1.4953791
-1.1249368
1.0626678
1.2090389
1.0703043
-1.2714214
-1.3180088
1.0581372
-1.2040658
1.35172
-1.0462181
-1.6203933
1.200345
-0.91814453
0.49145935
-0.62356159
-0.78236293
0.99183691
1.1072616
1.1343621
-0.47682533
-0.79042735
-0.9989688
-1.4774627
1.2051529
-1.2115177
0.91881549
1.0758106
1.2684956
1.0605148
1.0198068
1.1242134
-1.5111387
-1.1905454
1.1201922
1.2550814
1.1907886
0.73555646
-1.2017991
1.2211119
1.2155762
0.86704855
-1.4574361
1.1779206
-0.84886731
0.91717548
-0.96522616
1.199355
-1.172243
1.1070521
1.2185748
1.0847162
-1.2136663
1.1662465
-1.0231872
-1.436245
1.2561261
-1.3733929
1.302137
0.94750752
1.2920697
-1.2837656
0.91208649
0.99875278
1.2813944
1.2822594
1.2042118
-0.67827069
0.80654951
-1.2621134
1.039223
1.1264124
-1.4583986
1.127132
-2.073133
-1.3480468
-0.91711447
1.0511113
-1.0095388
-1.8458409
-1.5805073
-1.6679236
-1.0907841
1.1199263
1.0770926
1.1827896
-0.73791293
1.1465258
1.1153326
1.0467567
0.89790846
-1.3643202
0.52692328
-0.24622286
-1.4965657
-1.2572505
-1.1570944
-1.0715627
-1.0238141
0.93467074
-1.1505215
0.83988767
1.01445
-0.81837899
0.94684739
0.71479016
1.1819365
1.1447009
0.34242082
0.93176493
0.94890876
0.8685301
1.235124
1.1680667
-0.72395082
-0.91699587
1.0327617
-2.0371834
1.0476318
1.1935246
-1.4092014
1.2850636
-0.99281254
-0.85922499
-0.98222112
-0.60136685
1.2835999
1.0907006
1.2948022
1.1019164
1.1613184
0.78342677
1.2037579
1.1467155
-0.79390556
-1.5414183
-0.96348143
1.2998927
-0.99978649
-1.6849314
1.2523073
-1.3234436
1.1538698
-1.3335386
1.1070281
1.0395113
-0.96241713
1.0241911
1.0501704
0.90789473
-1.0278823
1.0390539
-0.67831709
-0.78415369
-1.2418509
1.187762
-0.55081827
-1.0975114
-1.9780268
0.88198614
-1.5480625
0.93910124
0.97129526
0.94012136
-1.1575051
1.2035662
-1.147443
-2.5633284
1.1678832
1.114567
-1.5701756
-0.9768142
-0.68119621
0.90670361
1.291498
-1.4661607
-1.1149175
1.1678744
1.2941709
-1.3435125
1.1980094
-1.8130338
-0.84457975
-1.2919404
-1.3819712
-2.3707169
1.1206187
-1.1305519
-1.0284634
-0.76130206
1.0917039
1.1300426
0.90150302
-0.77563211
1.1137128
1.1907507
-1.1233107
1.0224
1.0100641
1.0356047
-1.2083549
-0.86294911
-1.3067993
-1.2170949
0.86092989
0.99044029
1.067442
-1.3796183
1.2084769
1.1202271
-2.4745705
-0.72023987
0.92187254
1.1475738
-1.1447157
-1.0824479
-1.3207678
-1.2490533
-0.90346219
-1.301876
0.88486923
0.91056443
1.1365922
-0.79859638
1.1530052
-1.0362372
1.243487
0.97083438
-2.2434735
-1.0755963
1.2336674
-1.3249
1.0713193
0.99281281
-1.7536635
0.83872621
1.1357162
-1.1177405
1.2377941
1.1929856
0.93203557
-1.1496175
-1.1001425
1.1436588
0.94202231
1.115678
-0.63976107
-1.1041017
-1.302395
1.1022554
-0.81009447
0.85998734
1.2330142
-0.90168908
-1.5183044
1.05767
-1.7726742
1.0904751
1.1311798
0.92266514
-1.0588492
-1.3055305
1.1429071
-1.2295932
1.1794312
-1.4478489
1.0289477
-1.6035279
1.0153558
-0.79767697
1.080435
1.1394375
-1.7186337
0.8655957
-0.77014386
-1.4197058
1.2323936
-1.3188223
1.0879575
0.052943034
-0.51395356
-1.6580995
-1.4237296
1.0964133
1.0452327
1.0931929
1.0360995
1.2569644
0.83835591
-1.2596224
1.1089651
1.071905
1.0411089
-1.1409488
1.1303089
-1.3371504
-1.7093816
-0.71129474
-0.77308897
0.69373996
0.92902962
-0.98931488
1.1874934
1.0002767
-1.4928586
-0.91342756
-1.3963847
0.8382221
1.2772669
1.2844546
1.1452761
-1.2484289
-0.65542249
1.0348343
-1.2440229
1.0057665
1.1747858
1.2335454
1.2036962
-1.2252842
-0.88948053
1.0107684
-1.0438499
0.97520135
1.0299601
1.1422125
-0.87391607
-0.65131401
-1.3919102
-1.0739039
1.1283349
-1.5339844
-1.0254249
1.1002525
-0.95418197
-1.6284059
-1.6145221
-0.96767845
0.86836818
1.249567
1.2847549
-0.99331448
-1.5983621
-1.5008648
-1.0825139
1.2019164
1.0384715
1.0426648
-0.80027343
-0.73297688
-1.1503481
-1.092751
1.0687243
1.0861195
1.0110774
0.84230486
1.158787
0.97473061
1.0998708
-1.7104832
-1.5001696
-0.93917585
-0.424878
1.1799558
1.1678736
1.1974732
1.1868878
-1.1931067
1.2307527
1.1819146
-0.85770205
1.2285344
-1.6146939
-0.87819074
-1.2809577
1.0159971
-1.2475547
-1.3981907
1.2648378
1.1239763
-0.57966827
-1.4475923
0.98777002
-1.4555247
1.267233
1.1259733
1.0022494
1.0805806
1.0986933
0.86792365
-1.6645247
-0.87339194
-1.5778582
0.9157425
-0.94946661
1.192702
1.0932595
-0.50702845
1.0840789
-0.81672977
1.2620816
1.2543431
-1.2721215
1.2014057
1.0125454
-1.4366848
1.1322036
1.148548
-1.9293851
1.1598536
-1.3662785
1.1209201
-1.3232686
-0.75127687
1.0691145
-1.5376702
-0.63182685
-1.3861709
0.98692422
-1.1350272
-1.3795166
1.3009839
1.0887686
1.0744704
0.84016012
-0.61205365
1.2419999
-2.3367794
-1.2602505
0.88234165
1.0356082
1.2653909
1.2663955
1.2436044
-0.99364595
-2.203923
-0.83059596
-1.2591732
1.0150595
1.2573589
-0.8583363
-1.6958376
0.97567365
-0.79357083
-1.2466986
0.63116951
0.94482595
0.98670881
-1.0896987
1.1520965
-1.0007976
-1.1988508
-1.4734275
1.0203698
-0.88276973
1.2474143
-1.5708325
0.2221568
-0.96607955
1.1898204
1.1163525
1.1299937
1.2452468
0.92268948
-0.97709875
-0.81952399
-1.4325329
0.8831539
-1.591707
-1.5041528
0.97723616
-0.75645964
1.235867
1.2471317
1.1241269
1.1807041
0.70494288
1.154638
1.1935096
-1.4097466
1.3013735
1.1446897
-1.377427
-1.4942873
1.1966226
1.3271278
1.0931449
-1.4083115
-0.69609513
0.93120347
1.2301897
-1.5423281
-0.20754537
1.2024481
-1.719966
1.0142103
1.103264
-1.0232346
-0.97481227
-1.1814193
1.2371799
-0.96652735
-0.81520823
1.25117
1.1153553
0.97464644
1.1623926
1.2804571
-0.95477056
0.90811874
-1.5597124
1.3001354
-1.4964324
-2.1552104
-1.1500901
1.2349278
1.2920444
0.95765545
1.2454163
0.71985538
1.1478804
1.2510404
0.91944763
-1.5323886
-1.4461626
0.99918096
1.0164408
1.1563744
0.43890835
-0.91204796
0.24759297
1.0416719
-1.2970525
0.89573341
-1.4182548
1.0631029
1.1362626
1.0583174
1.2110702
0.98077274
-1.3654359
-1.1786056
-1.4790501
-1.0038871
1.111068
1.0716973
1.0276042
0.79492304
0.88833185
-1.6159547
-0.86037563
1.1532496
-0.89541127
0.98982713
1.2020544
-1.2378539
-1.6312037
1.2456222
-1.163526
-1.1587468
-1.0281701
-1.3225885
-0.70824136
1.1255034
-1.6620869
-0.78729068
-1.1388425
1.0087779
0.9098254
-0.84265142
-1.4222398
-1.2554179
1.1005978
-1.5694058
-1.4400868
-1.7246932
-1.064664
-0.38909937
0.95936507
-1.3895857
0.97053935
-1.6032837
1.0736444
1.2625773
1.3040684
-0.90497337
-0.84749115
0.97283001
1.1912672
-1.3308372
-1.5802655
0.9196647
1.2383064
1.240147
1.1297496
1.1038979
0.84674467
1.3388037
1.0334792
1.1775052
1.1759594
-2.084666
1.0248995
-1.6429024
-1.2628862
-1.0201657
-1.1933755
-1.7128659
-0.93231267
-0.71122097
1.187221
0.94652249
-1.060893
1.138483
1.0434745
0.92688378
1.1237126
-1.2635128
1.0513553
-1.1298776
0.96975961
1.0338965
1.0556782
1.0893617
1.222631
1.0831491
-1.1378705
0.80370742
-1.3572658
1.1116405
1.0906136
0.7769202
-0.89884039
-1.0983251
1.2887965
-1.7423995
0.8538759
0.97648362
1.0814686
-1.9279138
1.1210302
-0.87170656
-0.87187194
-2.3722702
1.0785523
-0.99142028
-1.0644622
-0.90470466
1.0086031
1.2030756
-0.87239249
1.0842412
1.1891407
-1.1542775
0.92728539
1.2902186
0.8636296
1.0470966
1.1184876
-0.58725616
-1.1661554
-1.0262004
1.2534046
0.9206373
0.99293383
-0.86407325
1.2846807
1.1868285
1.0210826
1.2932819
1.0632174
-1.1747108
-1.1520081
1.2279724
0.86228936
1.1754601
-1.0936086
-1.4363776
-1.1402441
0.98576055
1.0567811
1.1442547
-1.5543645
-1.8664425
1.1412318
-1.1696418
-1.1606317
1.0901784
1.1406933
1.0912489
-1.4065839
-1.3704045
-1.5488223
1.1516234
-1.4817674
1.1864563
-1.0797431
1.0250503
-1.5961659
1.1884376
-1.3034056
1.186559
-1.7177578
1.0899875
0.92864464
1.1323098
1.1000829
-1.2704204
-1.4518382
1.2126604
1.1356359
-1.6780405
1.1294496
1.0657825
-1.6636878
-1.5348282
-1.3931801
-1.2054152
1.1277431
-0.91539671
1.1720062
-0.10318884
1.0732738
1.1234153
0.98048629
1.0708016
1.2042027
1.0648132
1.1295121
1.0488217
-1.0657572
-0.81953137
-0.82267491
-1.0592029
-0.89670408
1.1222871
-1.076134
1.0108368
-1.1427963
-1.0826719
1.069684
-1.1217285
-1.301426
1.1600135
-1.8222227
1.1391694
-1.6081826
1.2273045
-1.5182099
-1.6445424
-1.5658051
1.2149902
1.1880053
1.2033923
-1.3699184
-1.748703
1.0650184
1.187512
0.29005927
-1.6393783
-1.6735968
1.2099582
-1.6706989
1.1725219
-1.7645545
-1.8836549
1.2327733
1.2288411
-1.1153807
1.1478094
-1.7897204
0.90860469
-1.1241304
1.2455738
-1.4835524
-1.8108182
1.1625378
-1.4997696
1.0847505
-1.421551
-1.4325258
-1.5680937
1.1297569
0.34477044
-1.4492144
1.077135
1.1728278
-1.6289637
-1.8449625
1.1438734
-1.1124675
1.1579374
1.1909112
1.0776095
-1.284945
1.2039248
-1.4386228
1.0895505
-1.201032
1.1661307
1.1872052
-1.4481999
-1.503437
-1.5844488
1.2463112
1.1174224
1.264083
1.2370732
1.2137222
1.2730889
-1.4641318
1.239016
-1.4481002
-1.7135444
1.0265048
1.2860075
-1.6321869
-1.316989
1.202466
-0.97642533
1.12257
-1.0932701
1.2852872
1.1982017
1.1019955
0.25231126
1.1605726
1.2549569
-1.3738743
-1.2260122
-1.4950449
1.1953023
1.2337335
-2.0593003
-1.5873199
1.151482
-1.5347903
-1.5434702
-1.6391759
1.2535417
-1.3929434
1.2641928
-1.1714538
-1.4776985
1.1200549
-1.063776
1.033904
-1.2371264
1.1598663
0.86182172
-1.8735293
-1.1661335
0.97402142
1.1811708
1.0804435
-1.1051361
1.1349708
1.179855
-1.913574
1.0999305
-1.5025734
1.1070982
1.1900398
-1.6912614
-1.4246707
-1.0718707
-1.1324244
-1.3418228
1.0251527
-0.93283279
1.0456516
-1.4768135
1.1090629
1.2478918
-1.7480885
-1.2923411
1.0808295
1.032991
1.1144065
1.0748598
-0.94269389
1.0394148
1.1253595
-1.3096557
1.109905
1.0407788
1.1268792
-1.3468223
-1.5943193
-1.4662666
-1.8214648
1.1874675
-1.761017
1.1699694
-1.6403732
1.0425951
-1.8204051
1.0631641
-1.2974453
1.0452752
-1.4322979
1.1245629
-1.3605124
-1.9847865
1.2058088
-1.7657184
0.79062007
-1.9645402
0.88943929
1.0525977
1.1193641
-1.3565477
-1.6668999
-1.1912468
1.1465134
1.2412128
1.0739104
-1.6909874
1.1233797
-1.6616205
1.0989882
-1.6017038
1.1010875
1.2395208
-1.8194173
-1.7718792
1.0292379
1.0386029
1.1280784
-2.1662995
1.0978511
-1.5106784
1.1837428
-2.1732392
-2.1746274
-2.1004964
-2.2423842
1.1184744
-1.6785996
1.2375919
1.2109613
1.2698297
-1.7078022
-1.5178577
1.1535119
-1.7531992
1.1553934
-1.5436197
1.1195942
-1.7267286
1.2079084
1.2059939
1.051128
1.117677
1.0849294
1.106698
-1.6128208
-1.5915638
1.1679794
-1.4789301
-1.7540436
1.1056618
1.1307328
-1.4926628
-1.6594154
-1.8737247
-1.5288247
-1.651937
1.0911314
-1.4836861
1.198403
-1.4709608
1.2089749
-1.3432855
1.0776762
1.0378846
-1.5970436
-1.3028003
-1.1960091
1.1528886
1.2691387
1.2755828
-1.2595705
1.1577212
-1.3994024
-1.0124406
1.2661148
1.1314581
1.1125754
-1.3009151
-1.0888269
-1.046229
-1.4278399
1.0928351
-1.3044802
1.0726623
-1.2015096
0.98013181
-1.4431653
1.0751227
-1.3997212
1.1229739
-1.4005204
1.0321274
-1.2239281
-1.5911385
1.1854669
1.1258685
-1.8297277
1.1175037
1.1453698
-1.4006338
1.0270772
-1.0598946
1.0579808
-1.0066518
1.1237478
1.0224163
1.2094541
-0.68790033
0.97316298
-0.78447826
-0.90489384
0.50359816
-1.0622025
-1.3679079
-1.4054191
-0.9478493
-0.69588545
1.1691368
-1.429637
1.0252614
0.90821522
-1.169637
0.94688275
0.91840827
1.1473346
-1.2278141
1.0889972
-0.59579305
0.95811133
0.20200702
1.0716156
0.9822794
1.0623304
-1.1370362
1.0544227
1.0972362
1.058125
1.1794171
0.87900994
0.81038395
-1.696856
1.260143
-2.1122643
1.0573608
-1.5475124
1.1399356
1.160594
1.1569378
1.0586039
0.99594993
1.1112432
-1.6027018
1.0976496
-1.861961
-1.3775574
1.2422939
1.1117434
-1.628609
-1.7814926
-1.7969913
-1.6810494
-2.0345659
0.90599421
-1.665836
1.1827596
-1.6803771
-1.5317494
1.1811564
-0.95076673
0.95264108
-1.5833763
1.2162638
1.2460955
-1.7052685
-1.8953183
-1.7653609
-1.1810363
1.1164015
1.1970942
1.11333
-1.4354751
0.98251579
1.0709943
-1.1384813
-1.2370772
1.1541908
0.95474707
1.084653
1.2268415
-1.3230597
-1.2645917
-1.2774244
-1.6974754
1.1727363
-1.3251477
1.1543696
-1.7705042
1.1622273
-1.6502037
1.2259663
-1.5825445
-1.5237847
1.0542893
-1.4372924
-1.4409496
1.1050839
-1.7684803
-1.8283303
1.0182123
1.0990248
1.2150216
1.3015561
1.1083766
-1.0355094
-1.0304555
1.1276782
-0.99795516
-1.6497803
1.1044802
-1.2275066
1.1780444
-1.3917145
1.2136697
-1.049788
-1.2471885
1.0593246
1.1728026
-1.5580447
1.1554435
-1.3732069
-1.4987161
1.1387271
-1.3192863
1.187111
-1.2676797
-0.98843975
1.1364695
1.0818641
-1.4860766
1.1236249
1.2018379
-0.94771545
1.0223381
0.91818421
-0.5869061
0.99650006
-0.99800798
-1.6188623
-0.40401414
1.0188308
-1.2987554
1.025834
-1.1552928
0.97125142
0.94575586
-1.1621008
1.0118077
1.0124963
1.1727203
-1.4235979
-1.194919
0.84506996
-1.1105336
-1.3511389
1.1363946
-1.4182227
1.1033025
-1.7497818
1.1922969
1.1397667
1.1714835
-1.9957058
1.1637031
1.2247466
1.0745122
-2.1339508
-1.3809706
1.1642516
-1.9772929
1.1699687
1.1775295
-1.3764714
-1.6313431
-1.551464
-1.846006
1.2054024
-1.3514933
-1.6271354
1.0630838
1.1599235
1.2295914
-0.522589
1.2137982
1.0836937
1.1292337
1.0152549
-0.95082239
1.0778544
-1.1300546
0.85239984
-1.4326634
-0.77982638
0.99140796
1.2054
-1.1660971
1.0440618
1.0900364
-1.1414067
-0.89393984
-1.1937413
-1.616685
1.2435081
-1.3641135
1.1834896
-1.3626204
1.1434887
-1.4053514
-1.4076793
-1.4301941
1.1345375
-1.0959917
1.1266659
1.0691305
-1.6622437
1.0784984
1.1877232
1.1388337
1.1472407
-1.4325495
-1.3453545
1.1624229
-1.3827785
-1.274283
1.1545723
-1.239043
1.185411
-1.3600851
1.253683
1.1315869
1.154509
-1.4196874
-1.7697488
1.121617
1.0851468
1.176192
-0.88229137
1.2203315
-1.273435
-1.2390695
-1.148741
-1.2335345
-1.5386937
-1.4357291
1.07319
1.1062615
1.0802413
-1.4563758
1.1762574
-1.6934337
1.0680838
-2.244468
1.0501302
-1.6369515
1.1671652
-1.9616298
-1.9511
1.1185197
1.1196775
1.1275799
-1.6041395
1.0361823
1.0576752
-2.2508882
1.0524107
0.91531843
-1.749742
-1.5246407
0.97479208
-1.8558633
1.1733061
-1.7424631
-2.689026
0.83297894
-2.063337
0.73786349
-2.0940799
0.7361008
-2.2266351
-2.0032255
1.0158764
-2.3121922
1.2196837
-1.9325927
-1.9752701
-1.9108117
1.1158527
1.0214667
-2.1144547
0.78121104
0.86155626
-2.2253923
0.94882038
-2.2489298
0.89026891
0.82549405
0.65610896
-1.5515955
1.1479163
-1.4954739
1.1247844
-1.4988792
1.0942488
-2.2094452
1.2301038
1.1542009
1.1883354
-2.4291873
-1.7628047
0.96031354
0.81386128
1.1413952
-2.0247028
-1.6050568
0.75261391
-1.7437741
1.0233111
-2.2670603
-2.1639497
1.1254444
1.2473342
-1.8356821
-2.2330846
-2.3335728
1.2142933
-2.6146056
1.2076641
-2.2668559
1.1420406
-2.0964331
1.1711988
1.2206592
1.2290184
-1.887399
1.2148157
1.2173779
-2.439801
1.189391
-1.8799828
-1.3683305
1.1459274
-1.4658107
1.1901219
-1.5141644
1.0257551
-1.5696002
1.1048007
-0.96187537
0.9549564
1.0250465
-1.2983637
-1.2869944
1.0792906
-1.0767201
-1.2023218
-1.13986
-0.96001329
1.0988632
-1.3827668
-0.99881359
0.88498834
0.95533538
1.1334811
1.1009022
-1.0380253
1.1003289
-1.1625716
1.1158946
-0.83045109
1.0690927
1.0360837
-1.0733086
-0.79543753
-1.0868638
0.88539695
1.1100353
1.1636537
1.1356713
1.0778168
-1.1510131
1.0438738
-0.92727878
-1.0294149
-1.2328205
1.1032078
-1.1549525
-1.3764334
1.1888002
-0.84661193
1.1214295
-0.91743459
1.2133629
1.0536101
-1.0387343
1.0858859
-0.87150281
-0.97050545
-1.0019055
1.1074363
1.0488536
-1.2314796
1.19446
1.0699757
-0.79820096
1.1247875
1.1402603
1.0470434
1.1063113
-1.4394275
1.2289914
-1.5889947
1.2171781
-1.3891683
1.0666924
-2.2074087
1.174162
-1.5710566
1.110236
1.1627391
-1.7571972
-1.8292734
1.1008994
-1.383563
-1.7920228
1.253518
-2.5613328
-1.7601235
1.1552311
1.1869472
1.2372927
1.1856577
1.1177591
-1.4809627
1.2406494
-1.034569
1.1223372
-1.1287307
1.2226101
1.0466382
-1.29096
1.2488666
-1.2156806
-1.5171434
1.1807476
1.1066997
-1.2331076
-1.1596584
-1.368806
-1.1759973
-1.0813642
1.2346635
-1.2512237
1.2886758
1.060347
-1.1388938
1.1903732
1.273736
1.0838324
-1.5532372
1.1241211
-1.5020739
1.1977141
-1.2132797
1.2213491
1.1676927
1.1359628
1.1690065
1.1265266
1.1417662
-1.8295728
-1.6367816
-1.4898972
1.1999627
1.1303974
-1.5534746
-1.460773
1.1163444
-1.9015223
-1.7353066
-1.4755635
1.1183492
-1.8356703
1.2105349
-1.4959074
-1.5339777
1.1329067
-1.2902155
1.0973259
-1.3115118
1.108768
-1.8244537
-1.5098683
1.1647511
-1.3745278
-1.9000534
-1.5184824
1.1816728
-1.2918829
-1.3479242
1.1433939
1.0876252
-1.5894284
1.0888358
1.0701828
-1.5295256
1.1798712
-1.2801231
1.1360941
-1.2555911
1.0959157
-1.5081795
1.1657096
1.1473702
-1.6710826
1.176171
1.2050864
-1.4931753
1.1540294
1.0488928
-0.99201647
1.0542191
1.1637305
-1.1514779
-1.3226994
1.09338
-1.220653
1.0806108
1.0247371
-1.1602389
1.0340348
-0.68845115
0.93715545
0.93845292
1.1281441
-1.4431249
-1.380442
1.1273447
1.1508088
1.0697018
-2.4105584
-2.1365995
1.2130791
-1.8025375
1.0299762
-1.6691985
1.2153924
1.2713345
-1.7156767
1.2795442
-2.0262364
1.1713517
1.0641854
1.105689
1.1988132
-1.5398879
-1.9229749
1.2709908
1.1984033
1.1999504
-1.0803779
-2.1026212
-1.695181
1.2805338
-1.3616677
-1.6162878
1.1377374
-1.4854235
1.161351
-1.6564998
1.0716872
-1.5547676
-1.7824217
1.1846643
-1.8289053
-1.6080876
1.1469585
-1.458836
-1.6244063
1.1765713
-1.3550052
1.0605672
1.1849697
-0.7216833
0.98405943
-0.88354203
1.0616888
-0.71124687
1.0349441
1.1475757
1.0767874
-0.99132523
-0.96465397
0.99544077
-1.0408038
-0.85537579
1.0290523
1.0655718
-1.1304823
1.0275183
1.1574838
-0.92226891
1.1455652
1.1419642
-1.1267944
1.0538827
-0.99996194
-1.5239037
1.264587
-1.2833116
1.2746803
-1.2752029
1.2482642
1.1296903
-1.1240178
1.1607108
-1.7725769
1.2304703
-1.8056483
1.1903442
-1.170419
1.2563132
1.091747
-1.0675669
1.2052709
-1.7911111
-1.3477121
1.1427207
1.0842936
-1.5349542
-1.2143822
-1.7151968
1.1625908
1.0896251
-1.1175683
1.2483442
-1.6381814
1.2381929
-1.1502448
0.99862457
1.1408073
-1.6188785
1.1466994
-1.5454485
-1.7868576
1.0168647
-1.5806301
1.1486446
-1.4076938
0.95112206
1.1624129
-1.4810505
1.084806
1.1736693
0.98905894
1.0633366
-1.2089606
1.1571084
-1.1459549
0.97934371
-0.87019424
1.1263469
-1.1395537
-1.2621541
0.30178286
0.92465655
0.55755225
1.022496
-1.3713997
-1.3349678
1.0872881
0.92053892
1.2475361
1.1128484
-1.4470771
-0.61122022
1.1337275
-0.61560501
1.1520899
-0.82866938
-0.98466373
1.190038
1.1459208
-1.3634511
1.1329781
-1.202285
1.0515537
-0.97662647
1.1548036
1.1178535
-1.0096385
-1.0332788
-1.3580459
1.0110559
-0.95874643
-0.6854395
1.1712694
1.2059911
-1.1728996
0.82242046
1.0939568
1.2075221
-0.97852792
-1.6274173
1.1968449
-1.0614208
1.166426
-1.1298432
1.1184679
-0.79576547
1.2176562
1.1568473
1.1070578
1.1100229
1.1590579
1.1438776
-1.1569157
-0.99592155
1.1967054
1.1298115
-0.11372715
-1.0106622
1.151427
-1.0474737
1.1602059
-0.8554731
1.1398574
-1.0950152
0.92568554
1.1872286
-1.1614814
1.1267342
-1.2628739
1.0874096
-0.69431405
1.0896689
-0.86982483
-1.3962105
0.80130524
1.0583638
-0.51022323
-0.8729693
1.1507938
1.1829038
-1.7158057
1.150657
-1.2229649
1.2317974
